DJI_0532.JPG 36.688983 118.475194 119.800000 -90.000000 0.000000
DJI_0533.JPG 36.688978 118.475194 119.900000 -89.900000 0.000000
DJI_0534.JPG 36.688978 118.475197 119.500000 -89.900000 0.000000
DJI_0535.JPG 36.688900 118.475106 119.200000 -89.900000 0.000000
DJI_0536.JPG 36.688742 118.474917 119.400000 -89.900000 0.000000
DJI_0537.JPG 36.688661 118.474825 119.500000 -90.000000 0.000000
DJI_0538.JPG 36.688503 118.474639 119.300000 -89.900000 0.000000
DJI_0539.JPG 36.688422 118.474547 119.400000 -89.900000 0.000000
DJI_0540.JPG 36.688303 118.474411 119.400000 -89.900000 0.000000
DJI_0541.JPG 36.688306 118.474428 119.400000 -89.900000 0.000000
DJI_0542.JPG 36.688311 118.474444 119.300000 -89.900000 0.000000
DJI_0543.JPG 36.688311 118.474617 119.200000 -89.900000 0.000000
DJI_0544.JPG 36.688311 118.474819 119.300000 -90.000000 0.000000
DJI_0545.JPG 36.688311 118.475019 119.300000 -89.900000 0.000000
DJI_0546.JPG 36.688314 118.475222 119.300000 -89.900000 0.000000
DJI_0547.JPG 36.688311 118.475425 119.400000 -89.900000 0.000000
DJI_0548.JPG 36.688311 118.475628 119.400000 -89.900000 0.000000
DJI_0549.JPG 36.688311 118.475828 119.300000 -89.900000 0.000000
DJI_0550.JPG 36.688311 118.476031 119.400000 -90.000000 0.000000
DJI_0551.JPG 36.688311 118.476233 119.400000 -90.000000 0.000000
DJI_0552.JPG 36.688311 118.476436 119.300000 -90.000000 0.000000
DJI_0553.JPG 36.688314 118.476636 119.200000 -89.900000 0.000000
DJI_0554.JPG 36.688311 118.476839 119.300000 -89.900000 0.000000
DJI_0555.JPG 36.688372 118.476975 119.400000 -89.900000 0.000000
DJI_0556.JPG 36.688522 118.476969 119.300000 -89.900000 0.000000
DJI_0557.JPG 36.688681 118.476969 119.300000 -89.900000 0.000000
DJI_0558.JPG 36.688783 118.476878 119.500000 -89.900000 0.000000
DJI_0559.JPG 36.688778 118.476678 119.400000 -90.000000 0.000000
DJI_0560.JPG 36.688778 118.476533 119.400000 -90.000000 0.000000
DJI_0561.JPG 36.688778 118.476328 119.600000 -89.900000 0.000000
DJI_0562.JPG 36.688775 118.476117 119.400000 -89.900000 0.000000
DJI_0563.JPG 36.688775 118.475903 119.500000 -90.000000 0.000000
DJI_0564.JPG 36.688778 118.475689 119.500000 -89.900000 0.000000
DJI_0565.JPG 36.688775 118.475481 119.400000 -89.900000 0.000000
DJI_0566.JPG 36.688778 118.475267 119.400000 -89.900000 0.000000
DJI_0567.JPG 36.688778 118.475064 119.400000 -89.900000 0.000000
DJI_0568.JPG 36.688778 118.474908 119.500000 -89.900000 0.000000
DJI_0569.JPG 36.688775 118.474708 119.300000 -89.900000 0.000000
DJI_0570.JPG 36.688775 118.474506 119.300000 -90.000000 0.000000
DJI_0571.JPG 36.688867 118.474408 119.400000 -89.900000 0.000000
DJI_0572.JPG 36.689031 118.474411 119.300000 -89.900000 0.000000
DJI_0573.JPG 36.689194 118.474417 119.300000 -90.000000 0.000000
DJI_0574.JPG 36.689244 118.474567 119.100000 -89.900000 0.000000
DJI_0575.JPG 36.689244 118.474758 119.400000 -89.900000 0.000000
DJI_0576.JPG 36.689244 118.474958 119.300000 -89.900000 0.000000
DJI_0577.JPG 36.689244 118.475161 119.300000 -89.900000 0.000000
DJI_0578.JPG 36.689242 118.475364 119.200000 -89.900000 0.000000
DJI_0579.JPG 36.689239 118.475569 119.400000 -90.000000 0.000000
DJI_0580.JPG 36.689239 118.475769 119.300000 -89.900000 0.000000
DJI_0581.JPG 36.689239 118.475969 119.200000 -89.900000 0.000000
DJI_0582.JPG 36.689239 118.476172 119.200000 -90.000000 0.000000
DJI_0583.JPG 36.689239 118.476375 119.300000 -89.900000 0.000000
DJI_0584.JPG 36.689239 118.476575 119.300000 -90.000000 0.000000
DJI_0585.JPG 36.689239 118.476778 119.300000 -89.900000 0.000000
DJI_0586.JPG 36.689264 118.476958 119.200000 -89.900000 0.000000
DJI_0587.JPG 36.689392 118.476972 119.400000 -89.900000 0.000000
DJI_0588.JPG 36.689547 118.476969 119.400000 -90.000000 0.000000
DJI_0589.JPG 36.689692 118.476942 119.400000 -89.900000 0.000000
DJI_0590.JPG 36.689706 118.476764 119.500000 -90.000000 0.000000
DJI_0591.JPG 36.689706 118.476561 119.400000 -90.000000 0.000000
DJI_0592.JPG 36.689706 118.476358 119.500000 -89.900000 0.000000
DJI_0593.JPG 36.689706 118.476156 119.300000 -90.000000 0.000000
DJI_0594.JPG 36.689706 118.475950 119.300000 -89.900000 0.000000
DJI_0595.JPG 36.689703 118.475742 119.300000 -89.900000 0.000000
DJI_0596.JPG 36.689706 118.475533 119.200000 -89.900000 0.000000
DJI_0597.JPG 36.689706 118.475319 119.100000 -90.000000 0.000000
DJI_0598.JPG 36.689706 118.475103 119.300000 -90.000000 0.000000
DJI_0599.JPG 36.689706 118.474894 119.300000 -90.000000 0.000000
DJI_0600.JPG 36.689706 118.474756 119.400000 -89.900000 0.000000
DJI_0601.JPG 36.689706 118.474539 119.400000 -90.000000 0.000000
DJI_0602.JPG 36.689706 118.474403 119.400000 -89.900000 0.000000
DJI_0603.JPG 36.688975 118.475197 79.300000 -44.900000 0.000000
DJI_0604.JPG 36.688975 118.475197 94.100000 -44.900000 0.000000
DJI_0605.JPG 36.688975 118.475197 109.400000 -44.900000 0.000000
DJI_0606.JPG 36.688972 118.475194 119.600000 -44.900000 0.000000
DJI_0607.JPG 36.688978 118.475192 119.300000 -44.900000 0.000000
DJI_0608.JPG 36.689211 118.475094 119.300000 -45.000000 0.000000
DJI_0609.JPG 36.689475 118.474978 119.200000 -44.900000 0.000000
DJI_0610.JPG 36.689742 118.474864 119.400000 -44.900000 0.000000
DJI_0611.JPG 36.690008 118.474747 119.400000 -44.900000 0.000000
DJI_0612.JPG 36.690278 118.474636 119.300000 -44.900000 0.000000
DJI_0613.JPG 36.690503 118.474539 119.300000 -44.900000 0.000000
DJI_0614.JPG 36.690761 118.474425 119.400000 -44.900000 0.000000
DJI_0615.JPG 36.690775 118.474417 119.300000 -44.900000 0.000000
DJI_0616.JPG 36.690778 118.474547 119.200000 -44.900000 0.000000
DJI_0617.JPG 36.690781 118.474878 119.100000 -44.900000 0.000000
DJI_0618.JPG 36.690783 118.475217 119.500000 -44.900000 0.000000
DJI_0619.JPG 36.690783 118.475556 119.300000 -44.900000 0.000000
DJI_0620.JPG 36.690781 118.475892 119.300000 -44.900000 0.000000
DJI_0621.JPG 36.690781 118.476228 119.400000 -44.900000 0.000000
DJI_0622.JPG 36.690783 118.476561 119.400000 -45.000000 0.000000
DJI_0623.JPG 36.690781 118.476903 119.500000 -44.900000 0.000000
DJI_0624.JPG 36.690578 118.476967 119.400000 -44.900000 0.000000
DJI_0625.JPG 36.690417 118.476842 119.500000 -44.900000 0.000000
DJI_0626.JPG 36.690428 118.476519 119.300000 -44.900000 0.000000
DJI_0627.JPG 36.690431 118.476178 119.500000 -44.900000 0.000000
DJI_0628.JPG 36.690431 118.475839 119.500000 -44.900000 0.000000
DJI_0629.JPG 36.690433 118.475506 119.400000 -45.000000 0.000000
DJI_0630.JPG 36.690433 118.475147 119.300000 -44.900000 0.000000
DJI_0631.JPG 36.690431 118.474858 119.400000 -44.900000 0.000000
DJI_0632.JPG 36.690431 118.474506 119.400000 -45.000000 0.000000
DJI_0633.JPG 36.690236 118.474414 119.500000 -44.900000 0.000000
DJI_0634.JPG 36.690075 118.474556 118.900000 -44.900000 0.000000
DJI_0635.JPG 36.690083 118.474867 119.600000 -44.900000 0.000000
DJI_0636.JPG 36.690086 118.475206 119.500000 -44.900000 0.000000
DJI_0637.JPG 36.690086 118.475544 119.300000 -44.900000 0.000000
DJI_0638.JPG 36.690086 118.475878 119.400000 -44.900000 0.000000
DJI_0639.JPG 36.690083 118.476217 119.300000 -44.900000 0.000000
DJI_0640.JPG 36.690083 118.476550 119.300000 -44.900000 0.000000
DJI_0641.JPG 36.690083 118.476892 119.300000 -45.000000 0.000000
DJI_0642.JPG 36.689881 118.476967 119.400000 -44.900000 0.000000
DJI_0643.JPG 36.689731 118.476811 119.300000 -44.900000 0.000000
DJI_0644.JPG 36.689733 118.476472 119.300000 -44.900000 0.000000
DJI_0645.JPG 36.689733 118.476131 119.400000 -44.900000 0.000000
DJI_0646.JPG 36.689736 118.475794 119.400000 -44.900000 0.000000
DJI_0647.JPG 36.689733 118.475442 119.400000 -44.900000 0.000000
DJI_0648.JPG 36.689736 118.475100 119.200000 -44.900000 0.000000
DJI_0649.JPG 36.689739 118.474758 119.100000 -44.900000 0.000000
DJI_0650.JPG 36.689722 118.474436 119.000000 -44.900000 0.000000
DJI_0651.JPG 36.689483 118.474417 119.200000 -44.900000 0.000000
DJI_0652.JPG 36.689383 118.474639 119.400000 -44.900000 0.000000
DJI_0653.JPG 36.689386 118.474972 119.300000 -44.900000 0.000000
DJI_0654.JPG 36.689389 118.475308 119.400000 -44.900000 0.000000
DJI_0655.JPG 36.689386 118.475650 119.400000 -44.900000 0.000000
DJI_0656.JPG 36.689386 118.475981 119.200000 -44.900000 0.000000
DJI_0657.JPG 36.689389 118.476317 119.500000 -44.900000 0.000000
DJI_0658.JPG 36.689386 118.476664 119.500000 -44.900000 0.000000
DJI_0659.JPG 36.689383 118.476975 119.400000 -44.900000 0.000000
DJI_0660.JPG 36.689353 118.476983 119.600000 -44.900000 0.000000
DJI_0661.JPG 36.689225 118.476761 119.400000 -44.900000 0.000000
DJI_0662.JPG 36.689128 118.476186 119.200000 -44.900000 0.000000
DJI_0663.JPG 36.689028 118.475686 119.000000 -44.900000 0.000000
DJI_0664.JPG 36.689000 118.475689 113.400000 -45.000000 0.000000
DJI_0665.JPG 36.688992 118.475692 119.700000 -45.000000 0.000000
DJI_0666.JPG 36.688919 118.475747 119.400000 -45.000000 0.000000
DJI_0667.JPG 36.688683 118.475919 119.400000 -45.000000 0.000000
DJI_0668.JPG 36.688447 118.476086 119.400000 -45.000000 0.000000
DJI_0669.JPG 36.688214 118.476256 119.400000 -45.000000 0.000000
DJI_0670.JPG 36.687975 118.476428 119.400000 -45.000000 0.000000
DJI_0671.JPG 36.687742 118.476597 119.400000 -45.000000 0.000000
DJI_0672.JPG 36.687508 118.476764 119.400000 -45.000000 0.000000
DJI_0673.JPG 36.687269 118.476936 119.300000 -45.000000 0.000000
DJI_0674.JPG 36.687219 118.476972 119.400000 -45.000000 0.000000
DJI_0675.JPG 36.687233 118.476850 119.200000 -44.900000 0.000000
DJI_0676.JPG 36.687233 118.476506 119.300000 -45.000000 0.000000
DJI_0677.JPG 36.687233 118.476153 119.300000 -45.000000 0.000000
DJI_0678.JPG 36.687233 118.475864 119.200000 -45.000000 0.000000
DJI_0679.JPG 36.687233 118.475519 119.200000 -45.000000 0.000000
DJI_0680.JPG 36.687233 118.475183 119.300000 -45.000000 0.000000
DJI_0681.JPG 36.687233 118.474844 119.200000 -45.000000 0.000000
DJI_0682.JPG 36.687233 118.474508 119.200000 -45.000000 0.000000
DJI_0683.JPG 36.687433 118.474414 119.200000 -45.000000 0.000000
DJI_0684.JPG 36.687586 118.474575 119.200000 -45.000000 0.000000
DJI_0685.JPG 36.687583 118.474911 119.300000 -45.000000 0.000000
DJI_0686.JPG 36.687586 118.475247 119.400000 -45.000000 0.000000
DJI_0687.JPG 36.687583 118.475586 119.400000 -45.000000 0.000000
DJI_0688.JPG 36.687583 118.475944 119.500000 -45.000000 0.000000
DJI_0689.JPG 36.687583 118.476281 119.400000 -45.000000 0.000000
DJI_0690.JPG 36.687583 118.476614 119.500000 -45.000000 0.000000
DJI_0691.JPG 36.687600 118.476944 119.400000 -45.000000 0.000000
DJI_0692.JPG 36.687850 118.476969 119.400000 -45.000000 0.000000
DJI_0693.JPG 36.687933 118.476800 119.200000 -45.000000 0.000000
DJI_0694.JPG 36.687933 118.476458 119.300000 -45.000000 0.000000
DJI_0695.JPG 36.687933 118.476106 119.400000 -45.000000 0.000000
DJI_0696.JPG 36.687931 118.475756 119.300000 -45.000000 0.000000
DJI_0697.JPG 36.687933 118.475417 119.300000 -45.000000 0.000000
DJI_0698.JPG 36.687931 118.475083 119.400000 -45.000000 0.000000
DJI_0699.JPG 36.687931 118.474747 119.500000 -45.000000 0.000000
DJI_0700.JPG 36.687956 118.474431 119.400000 -45.000000 0.000000
DJI_0701.JPG 36.688214 118.474414 119.300000 -45.000000 0.000000
DJI_0702.JPG 36.688283 118.474664 119.300000 -45.000000 0.000000
DJI_0703.JPG 36.688281 118.475000 119.400000 -45.000000 0.000000
DJI_0704.JPG 36.688281 118.475342 119.400000 -45.000000 0.000000
DJI_0705.JPG 36.688281 118.475675 119.300000 -45.000000 0.000000
DJI_0706.JPG 36.688281 118.476017 119.300000 -45.000000 0.000000
DJI_0707.JPG 36.688281 118.476353 119.300000 -45.000000 0.000000
DJI_0708.JPG 36.688281 118.476689 119.300000 -45.000000 0.000000
DJI_0709.JPG 36.688333 118.476967 119.300000 -45.000000 0.000000
DJI_0710.JPG 36.688597 118.476958 119.200000 -45.000000 0.000000
DJI_0711.JPG 36.688631 118.476664 119.300000 -45.000000 0.000000
DJI_0712.JPG 36.688631 118.476328 119.300000 -45.000000 0.000000
DJI_0713.JPG 36.688628 118.475989 119.400000 -45.000000 0.000000
DJI_0714.JPG 36.688628 118.475650 119.500000 -45.000000 0.000000
DJI_0715.JPG 36.688628 118.475317 119.400000 -45.000000 0.000000
DJI_0716.JPG 36.688628 118.474978 119.400000 -45.000000 0.000000
DJI_0717.JPG 36.688631 118.474644 119.400000 -45.000000 0.000000
DJI_0718.JPG 36.688628 118.474403 119.600000 -45.000000 0.000000
DJI_0719.JPG 36.688636 118.474422 119.300000 -45.000000 0.000000
DJI_0720.JPG 36.688814 118.474842 119.400000 -45.000000 0.000000
DJI_0721.JPG 36.688942 118.475122 119.100000 -45.000000 0.000000
DJI_0722.JPG 36.688964 118.475183 119.600000 -45.000000 0.000000
DJI_0723.JPG 36.688989 118.475225 17.600000 -44.900000 0.000000
DJI_0724.JPG 36.688989 118.475219 33.400000 -45.000000 0.000000
DJI_0725.JPG 36.688986 118.475222 48.400000 -45.000000 0.000000
DJI_0726.JPG 36.688989 118.475222 65.000000 -45.000000 0.000000
DJI_0727.JPG 36.688989 118.475219 77.200000 -45.000000 0.000000
DJI_0728.JPG 36.688989 118.475219 93.000000 -45.000000 0.000000
DJI_0729.JPG 36.688989 118.475219 108.000000 -45.000000 0.000000
DJI_0730.JPG 36.688989 118.475217 119.900000 -45.000000 0.000000
DJI_0731.JPG 36.689022 118.475111 119.600000 -45.000000 0.000000
DJI_0732.JPG 36.689128 118.474794 119.400000 -45.000000 0.000000
DJI_0733.JPG 36.689231 118.474486 119.300000 -45.000000 0.000000
DJI_0734.JPG 36.689336 118.474175 119.400000 -45.000000 0.000000
DJI_0735.JPG 36.689439 118.473867 119.300000 -45.000000 0.000000
DJI_0736.JPG 36.689544 118.473556 119.200000 -45.000000 0.000000
DJI_0737.JPG 36.689650 118.473239 119.100000 -45.000000 0.000000
DJI_0738.JPG 36.689706 118.473067 119.300000 -44.900000 0.000000
DJI_0739.JPG 36.689592 118.473081 119.300000 -44.900000 0.000000
DJI_0740.JPG 36.689314 118.473078 119.400000 -45.000000 0.000000
DJI_0741.JPG 36.689044 118.473072 119.400000 -45.000000 0.000000
DJI_0742.JPG 36.688769 118.473072 119.500000 -45.000000 0.000000
DJI_0743.JPG 36.688500 118.473075 119.400000 -45.000000 0.000000
DJI_0744.JPG 36.688303 118.473172 119.300000 -44.900000 0.000000
DJI_0745.JPG 36.688325 118.473475 119.300000 -45.000000 0.000000
DJI_0746.JPG 36.688581 118.473503 119.400000 -45.000000 0.000000
DJI_0747.JPG 36.688853 118.473500 119.300000 -45.000000 0.000000
DJI_0748.JPG 36.689122 118.473503 119.300000 -44.900000 0.000000
DJI_0749.JPG 36.689392 118.473503 119.300000 -44.900000 0.000000
DJI_0750.JPG 36.689658 118.473503 119.200000 -45.000000 0.000000
DJI_0751.JPG 36.689706 118.473772 119.400000 -45.000000 0.000000
DJI_0752.JPG 36.689553 118.473928 119.500000 -44.900000 0.000000
DJI_0753.JPG 36.689286 118.473928 119.300000 -44.900000 0.000000
DJI_0754.JPG 36.689017 118.473925 119.500000 -45.000000 0.000000
DJI_0755.JPG 36.688744 118.473925 119.300000 -44.900000 0.000000
DJI_0756.JPG 36.688469 118.473928 119.500000 -44.900000 0.000000
DJI_0757.JPG 36.688303 118.474061 119.400000 -44.900000 0.000000
DJI_0758.JPG 36.688350 118.474347 119.400000 -44.900000 0.000000
DJI_0759.JPG 36.688617 118.474353 119.400000 -45.000000 0.000000
DJI_0760.JPG 36.688886 118.474350 119.400000 -44.900000 0.000000
DJI_0761.JPG 36.689158 118.474350 119.600000 -45.000000 0.000000
DJI_0762.JPG 36.689389 118.474350 119.400000 -44.900000 0.000000
DJI_0763.JPG 36.689672 118.474356 119.600000 -44.900000 0.000000
DJI_0764.JPG 36.689708 118.474642 119.400000 -44.900000 0.000000
DJI_0765.JPG 36.689544 118.474778 119.300000 -45.000000 0.000000
DJI_0766.JPG 36.689281 118.474775 119.200000 -45.000000 0.000000
DJI_0767.JPG 36.689008 118.474775 119.300000 -45.000000 0.000000
DJI_0768.JPG 36.688739 118.474775 119.500000 -45.000000 0.000000
DJI_0769.JPG 36.688469 118.474772 119.500000 -45.000000 0.000000
DJI_0770.JPG 36.688303 118.474903 119.500000 -44.900000 0.000000
DJI_0771.JPG 36.688350 118.475197 119.500000 -45.000000 0.000000
DJI_0772.JPG 36.688611 118.475203 119.400000 -44.900000 0.000000
DJI_0773.JPG 36.688883 118.475200 119.500000 -44.900000 0.000000
DJI_0774.JPG 36.689161 118.475197 119.500000 -44.900000 0.000000
DJI_0775.JPG 36.689436 118.475194 119.500000 -45.000000 0.000000
DJI_0776.JPG 36.689703 118.475233 119.400000 -44.900000 0.000000
DJI_0777.JPG 36.689711 118.475486 119.300000 -44.900000 0.000000
DJI_0778.JPG 36.689539 118.475625 119.200000 -45.000000 0.000000
DJI_0779.JPG 36.689250 118.475622 119.100000 -44.900000 0.000000
DJI_0780.JPG 36.688956 118.475622 119.300000 -45.000000 0.000000
DJI_0781.JPG 36.688686 118.475622 119.100000 -44.900000 0.000000
DJI_0782.JPG 36.688417 118.475622 119.100000 -45.000000 0.000000
DJI_0783.JPG 36.688297 118.475622 119.000000 -44.900000 0.000000
DJI_0784.JPG 36.688742 118.475506 56.300000 -45.000000 0.000000
DJI_0785.JPG 36.688742 118.475506 71.800000 -45.000000 0.000000
DJI_0786.JPG 36.688742 118.475506 86.800000 -45.000000 0.000000
DJI_0787.JPG 36.688742 118.475508 102.000000 -45.000000 0.000000
DJI_0788.JPG 36.688742 118.475508 116.800000 -45.000000 0.000000
DJI_0789.JPG 36.688739 118.475517 119.500000 -45.000000 0.000000
DJI_0790.JPG 36.688719 118.475658 119.200000 -45.000000 0.000000
DJI_0791.JPG 36.688667 118.475994 119.200000 -44.900000 0.000000
DJI_0792.JPG 36.688617 118.476325 119.400000 -45.000000 0.000000
DJI_0793.JPG 36.688564 118.476656 119.400000 -44.900000 0.000000
DJI_0794.JPG 36.688511 118.477003 119.400000 -45.000000 0.000000
DJI_0795.JPG 36.688458 118.477342 119.300000 -45.000000 0.000000
DJI_0796.JPG 36.688408 118.477672 119.300000 -45.000000 0.000000
DJI_0797.JPG 36.688356 118.478008 119.400000 -45.000000 0.000000
DJI_0798.JPG 36.688308 118.478314 119.500000 -45.000000 0.000000
DJI_0799.JPG 36.688311 118.478306 119.200000 -45.000000 0.000000
DJI_0800.JPG 36.688461 118.478306 119.200000 -45.000000 0.000000
DJI_0801.JPG 36.688731 118.478306 119.300000 -45.000000 0.000000
DJI_0802.JPG 36.689000 118.478306 119.300000 -45.000000 0.000000
DJI_0803.JPG 36.689269 118.478306 119.200000 -45.000000 0.000000
DJI_0804.JPG 36.689539 118.478306 119.300000 -45.000000 0.000000
DJI_0805.JPG 36.689711 118.478181 119.300000 -45.000000 0.000000
DJI_0806.JPG 36.689669 118.477881 119.200000 -44.900000 0.000000
DJI_0807.JPG 36.689414 118.477878 119.300000 -45.000000 0.000000
DJI_0808.JPG 36.689142 118.477878 119.400000 -45.000000 0.000000
DJI_0809.JPG 36.688869 118.477883 119.500000 -45.000000 0.000000
DJI_0810.JPG 36.688597 118.477881 119.500000 -44.900000 0.000000
DJI_0811.JPG 36.688333 118.477867 119.400000 -45.000000 0.000000
DJI_0812.JPG 36.688306 118.477567 119.400000 -45.000000 0.000000
DJI_0813.JPG 36.688489 118.477456 119.300000 -45.000000 0.000000
DJI_0814.JPG 36.688764 118.477456 119.300000 -44.900000 0.000000
DJI_0815.JPG 36.689042 118.477458 119.400000 -45.000000 0.000000
DJI_0816.JPG 36.689308 118.477458 119.500000 -45.000000 0.000000
DJI_0817.JPG 36.689528 118.477461 119.300000 -45.000000 0.000000
DJI_0818.JPG 36.689706 118.477294 119.200000 -45.000000 0.000000
DJI_0819.JPG 36.689639 118.477025 118.900000 -45.000000 0.000000
DJI_0820.JPG 36.689367 118.477031 119.300000 -45.000000 0.000000
DJI_0821.JPG 36.689097 118.477031 119.400000 -44.900000 0.000000
DJI_0822.JPG 36.688825 118.477031 119.300000 -44.900000 0.000000
DJI_0823.JPG 36.688558 118.477031 119.300000 -45.000000 0.000000
DJI_0824.JPG 36.688311 118.476992 119.300000 -45.000000 0.000000
DJI_0825.JPG 36.688308 118.476667 119.300000 -44.900000 0.000000
DJI_0826.JPG 36.688517 118.476600 119.500000 -45.000000 0.000000
DJI_0827.JPG 36.688786 118.476608 119.500000 -44.900000 0.000000
DJI_0828.JPG 36.689058 118.476611 119.600000 -44.900000 0.000000
DJI_0829.JPG 36.689328 118.476611 119.500000 -45.000000 0.000000
DJI_0830.JPG 36.689594 118.476611 119.500000 -44.900000 0.000000
DJI_0831.JPG 36.689706 118.476408 119.400000 -45.000000 0.000000
DJI_0832.JPG 36.689608 118.476178 119.300000 -45.000000 0.000000
DJI_0833.JPG 36.689381 118.476181 119.400000 -44.900000 0.000000
DJI_0834.JPG 36.689100 118.476181 119.300000 -45.000000 0.000000
DJI_0835.JPG 36.688819 118.476181 119.300000 -45.000000 0.000000
DJI_0836.JPG 36.688575 118.476183 119.300000 -44.900000 0.000000
DJI_0837.JPG 36.688308 118.476133 119.100000 -44.900000 0.000000
DJI_0838.JPG 36.688314 118.475800 119.200000 -45.000000 0.000000
DJI_0839.JPG 36.688536 118.475756 119.200000 -45.000000 0.000000
DJI_0840.JPG 36.688803 118.475758 119.100000 -45.000000 0.000000
DJI_0841.JPG 36.689075 118.475761 119.300000 -45.000000 0.000000
DJI_0842.JPG 36.689344 118.475761 119.400000 -44.900000 0.000000
DJI_0843.JPG 36.689614 118.475764 119.300000 -45.000000 0.000000
