DJI_0231.JPG 36.682394 118.469742 199.800000 29.700000 -4.500000 0.000000 10.000000 5.000000
DJI_0232.JPG 36.682431 118.469742 199.900000 29.700000 -0.800000 0.000000 10.000000 5.000000
DJI_0233.JPG 36.682797 118.469731 199.700000 29.700000 -1.000000 0.000000 10.000000 5.000000
DJI_0234.JPG 36.683042 118.469650 199.800000 29.700000 -2.000000 0.000000 10.000000 5.000000
DJI_0235.JPG 36.683258 118.469628 199.700000 29.700000 -2.200000 0.000000 10.000000 5.000000
DJI_0236.JPG 36.683631 118.469614 199.700000 29.700000 -2.200000 0.000000 10.000000 5.000000
DJI_0237.JPG 36.683744 118.469606 199.800000 29.700000 -2.300000 0.000000 10.000000 5.000000
DJI_0238.JPG 36.683828 118.469603 199.800000 29.700000 -2.300000 0.000000 10.000000 5.000000
DJI_0239.JPG 36.683956 118.469600 199.900000 29.700000 -2.300000 0.000000 10.000000 5.000000
DJI_0240.JPG 36.684036 118.469597 199.900000 29.700000 -2.100000 0.000000 10.000000 5.000000
DJI_0241.JPG 36.684097 118.469597 199.900000 29.700000 -2.100000 0.000000 10.000000 5.000000
DJI_0242.JPG 36.684183 118.469594 199.800000 29.700000 -2.100000 0.000000 10.000000 5.000000
DJI_0243.JPG 36.684297 118.469592 199.800000 29.700000 -2.100000 0.000000 10.000000 5.000000
DJI_0244.JPG 36.684425 118.469586 199.800000 29.700000 -2.100000 0.000000 10.000000 5.000000
DJI_0245.JPG 36.684542 118.469583 199.800000 29.700000 -2.100000 0.000000 10.000000 5.000000
DJI_0246.JPG 36.684731 118.469578 199.800000 29.700000 -2.000000 0.000000 10.000000 5.000000
DJI_0247.JPG 36.684847 118.469572 199.700000 29.700000 -2.000000 0.000000 10.000000 5.000000
DJI_0248.JPG 36.685019 118.469575 199.700000 29.700000 -2.000000 0.000000 10.000000 5.000000
DJI_0249.JPG 36.685161 118.469575 199.700000 29.700000 -2.100000 0.000000 10.000000 5.000000
DJI_0250.JPG 36.685319 118.469575 199.900000 29.700000 -2.100000 0.000000 10.000000 5.000000
DJI_0251.JPG 36.685428 118.469575 199.900000 29.700000 -1.600000 0.000000 10.000000 5.000000
DJI_0252.JPG 36.685542 118.469575 199.900000 29.700000 -1.600000 0.000000 10.000000 5.000000
DJI_0253.JPG 36.685756 118.469569 199.800000 29.700000 -1.500000 0.000000 10.000000 5.000000
DJI_0254.JPG 36.685875 118.469569 199.700000 29.700000 -1.300000 0.000000 10.000000 5.000000
DJI_0255.JPG 36.685939 118.469569 199.800000 29.700000 -1.000000 0.000000 10.000000 5.000000
DJI_0256.JPG 36.685992 118.469569 199.900000 29.700000 -0.800000 0.000000 10.000000 5.000000
DJI_0257.JPG 36.686092 118.469575 199.900000 29.700000 -0.800000 0.000000 10.000000 5.000000
DJI_0258.JPG 36.686153 118.469575 199.900000 29.700000 -0.800000 0.000000 10.000000 5.000000
DJI_0259.JPG 36.686200 118.469575 199.900000 29.700000 -0.700000 0.000000 10.000000 5.000000
DJI_0260.JPG 36.686267 118.469575 199.900000 29.700000 -0.600000 0.000000 10.000000 5.000000
DJI_0261.JPG 36.686358 118.469578 199.900000 29.700000 -0.600000 0.000000 10.000000 5.000000
DJI_0262.JPG 36.686478 118.469583 200.000000 29.700000 -0.400000 0.000000 10.000000 5.000000
DJI_0263.JPG 36.686558 118.469597 200.000000 29.700000 0.400000 0.000000 10.000000 5.000000
DJI_0264.JPG 36.686603 118.469650 200.100000 29.700000 0.600000 0.000000 10.000000 5.000000
DJI_0265.JPG 36.686664 118.469781 200.300000 29.700000 0.600000 0.000000 10.000000 5.000000
DJI_0266.JPG 36.686739 118.469842 200.200000 29.700000 0.600000 0.000000 10.000000 5.000000
DJI_0267.JPG 36.686864 118.469883 200.100000 29.700000 0.600000 0.000000 10.000000 5.000000
DJI_0268.JPG 36.687014 118.469911 200.000000 29.700000 0.600000 0.000000 10.000000 5.000000
DJI_0269.JPG 36.687147 118.469925 200.000000 29.700000 0.600000 0.000000 10.000000 5.000000
DJI_0270.JPG 36.687292 118.469947 200.000000 29.700000 1.200000 0.000000 10.000000 5.000000
DJI_0271.JPG 36.687422 118.469975 200.000000 35.300000 1.200000 0.000000 10.000000 5.000000
DJI_0272.JPG 36.687553 118.469997 200.000000 35.300000 1.200000 0.000000 10.000000 5.000000
DJI_0273.JPG 36.687703 118.470011 200.000000 35.300000 1.200000 0.000000 10.000000 5.000000
DJI_0274.JPG 36.688089 118.470047 200.000000 35.300000 1.200000 0.000000 10.000000 5.000000
DJI_0275.JPG 36.688264 118.470089 199.900000 35.300000 1.400000 0.000000 10.000000 5.000000
DJI_0276.JPG 36.688358 118.470144 200.100000 35.300000 2.600000 0.000000 10.000000 5.000000
DJI_0277.JPG 36.688450 118.470308 200.300000 35.300000 6.800000 0.000000 10.000000 5.000000
DJI_0278.JPG 36.688472 118.470367 200.300000 35.300000 10.600000 0.000000 10.000000 5.000000
DJI_0279.JPG 36.688492 118.470389 200.200000 35.300000 14.000000 0.000000 10.000000 5.000000
DJI_0280.JPG 36.688494 118.470392 200.300000 40.100000 14.100000 0.000000 10.000000 5.000000
DJI_0281.JPG 36.688500 118.470383 200.300000 40.100000 34.600000 0.000000 10.000000 5.000000
DJI_0282.JPG 36.688517 118.470353 200.300000 40.100000 34.600000 0.000000 10.000000 5.000000
DJI_0283.JPG 36.688617 118.470183 200.300000 40.100000 34.600000 0.000000 10.000000 5.000000
DJI_0284.JPG 36.688681 118.470097 200.200000 40.100000 36.300000 0.000000 10.000000 5.000000
DJI_0285.JPG 36.688808 118.469900 200.300000 45.100000 38.400000 0.000000 10.000000 5.000000
DJI_0286.JPG 36.688850 118.469817 200.300000 45.100000 38.400000 0.000000 10.000000 5.000000
DJI_0287.JPG 36.688875 118.469756 200.200000 45.100000 49.300000 0.000000 10.000000 5.000000
DJI_0288.JPG 36.688858 118.469669 200.300000 45.100000 48.900000 0.000000 10.000000 5.000000
DJI_0289.JPG 36.689036 118.469422 200.300000 45.100000 54.900000 0.000000 10.000000 5.000000
DJI_0290.JPG 36.689111 118.469347 200.300000 45.100000 54.900000 0.000000 10.000000 5.000000
DJI_0291.JPG 36.689161 118.469303 200.300000 45.100000 55.600000 0.000000 10.000000 5.000000
DJI_0292.JPG 36.689308 118.469192 200.300000 45.100000 61.200000 0.000000 10.000000 5.000000
DJI_0293.JPG 36.689408 118.469131 200.400000 45.100000 65.300000 0.000000 10.000000 5.000000
DJI_0294.JPG 36.689500 118.469083 200.300000 45.100000 68.000000 0.000000 10.000000 5.000000
DJI_0295.JPG 36.689578 118.469047 200.300000 45.100000 69.900000 0.000000 10.000000 5.000000
DJI_0296.JPG 36.689650 118.469017 200.400000 45.100000 73.100000 0.000000 10.000000 5.000000
DJI_0297.JPG 36.689717 118.468994 200.400000 45.100000 74.500000 0.000000 10.000000 5.000000
DJI_0298.JPG 36.689775 118.468975 200.400000 45.100000 76.100000 0.000000 10.000000 5.000000
DJI_0299.JPG 36.689833 118.468961 200.400000 45.100000 78.300000 0.000000 10.000000 5.000000
DJI_0300.JPG 36.689997 118.468931 200.500000 45.100000 83.300000 0.000000 10.000000 5.000000
DJI_0301.JPG 36.690150 118.468917 200.500000 45.100000 88.000000 0.000000 10.000000 5.000000
DJI_0302.JPG 36.690200 118.468917 200.500000 45.100000 89.400000 0.000000 10.000000 5.000000
DJI_0303.JPG 36.690278 118.468919 200.500000 45.100000 91.300000 0.000000 10.000000 5.000000
DJI_0304.JPG 36.690369 118.468925 200.500000 45.100000 92.400000 0.000000 10.000000 5.000000
DJI_0305.JPG 36.690458 118.468931 200.500000 45.100000 94.800000 0.000000 10.000000 5.000000
DJI_0306.JPG 36.690539 118.468944 200.500000 45.100000 98.000000 0.000000 10.000000 5.000000
DJI_0307.JPG 36.690608 118.468961 200.500000 45.100000 101.100000 0.000000 10.000000 5.000000
DJI_0308.JPG 36.690703 118.468986 200.500000 45.100000 102.400000 0.000000 10.000000 5.000000
DJI_0309.JPG 36.690789 118.469011 200.600000 45.100000 103.500000 0.000000 10.000000 5.000000
DJI_0310.JPG 36.690856 118.469033 200.500000 45.100000 106.400000 0.000000 10.000000 5.000000
DJI_0311.JPG 36.690917 118.469058 200.500000 45.100000 107.700000 0.000000 10.000000 5.000000
DJI_0312.JPG 36.690978 118.469083 200.400000 45.100000 109.400000 0.000000 10.000000 5.000000
DJI_0313.JPG 36.691025 118.469108 200.300000 45.100000 111.900000 0.000000 10.000000 5.000000
DJI_0314.JPG 36.691086 118.469139 200.100000 45.100000 114.300000 0.000000 10.000000 5.000000
DJI_0315.JPG 36.691214 118.469222 199.600000 45.100000 119.000000 0.000000 10.000000 5.000000
DJI_0316.JPG 36.691328 118.469306 199.200000 45.100000 121.900000 0.000000 10.000000 5.000000
DJI_0317.JPG 36.691425 118.469389 198.900000 45.100000 125.000000 0.000000 10.000000 5.000000
DJI_0318.JPG 36.691500 118.469458 198.600000 45.100000 127.800000 0.000000 10.000000 5.000000
DJI_0319.JPG 36.691581 118.469542 198.400000 45.100000 131.700000 0.000000 10.000000 5.000000
DJI_0320.JPG 36.691708 118.469694 198.200000 45.100000 134.900000 0.000000 10.000000 5.000000
DJI_0321.JPG 36.691772 118.469786 198.200000 45.100000 139.200000 0.000000 10.000000 5.000000
DJI_0322.JPG 36.691825 118.469867 198.100000 45.100000 143.000000 0.000000 10.000000 5.000000
DJI_0323.JPG 36.691872 118.469953 198.100000 45.100000 144.900000 0.000000 10.000000 5.000000
DJI_0324.JPG 36.691947 118.470097 198.600000 45.100000 148.600000 0.000000 10.000000 5.000000
DJI_0325.JPG 36.691989 118.470192 198.800000 45.100000 151.300000 0.000000 10.000000 5.000000
DJI_0326.JPG 36.692039 118.470325 198.800000 45.100000 153.800000 0.000000 10.000000 5.000000
DJI_0327.JPG 36.692128 118.470628 198.600000 45.100000 163.900000 0.000000 10.000000 5.000000
DJI_0328.JPG 36.692147 118.470708 198.700000 45.100000 166.500000 0.000000 10.000000 5.000000
DJI_0329.JPG 36.691725 118.470853 202.600000 45.100000 -175.400000 0.000000 10.000000 5.000000
DJI_0330.JPG 36.691811 118.470919 202.400000 45.100000 179.000000 0.000000 10.000000 5.000000
DJI_0331.JPG 36.691947 118.471381 202.800000 45.100000 -179.500000 0.000000 10.000000 5.000000
DJI_0332.JPG 36.691944 118.471583 202.800000 45.100000 -178.500000 0.000000 10.000000 5.000000
DJI_0333.JPG 36.691933 118.471900 203.200000 45.100000 -177.500000 0.000000 10.000000 5.000000
DJI_0334.JPG 36.691917 118.472111 203.200000 45.100000 -172.900000 0.000000 10.000000 5.000000
DJI_0335.JPG 36.691897 118.472228 203.000000 45.100000 -168.500000 0.000000 10.000000 5.000000
DJI_0336.JPG 36.691861 118.472361 203.000000 45.100000 -159.200000 0.000000 10.000000 5.000000
DJI_0337.JPG 36.691819 118.472469 203.000000 45.100000 -152.200000 0.000000 10.000000 5.000000
DJI_0338.JPG 36.691681 118.472739 202.200000 45.100000 -146.100000 0.000000 10.000000 5.000000
DJI_0339.JPG 36.691589 118.472883 201.100000 45.100000 -140.100000 0.000000 10.000000 5.000000
DJI_0340.JPG 36.691550 118.472939 200.600000 45.100000 -137.500000 0.000000 10.000000 5.000000
DJI_0341.JPG 36.691467 118.473042 199.900000 45.100000 -134.300000 0.000000 10.000000 5.000000
DJI_0342.JPG 36.691403 118.473111 199.000000 45.100000 -130.000000 0.000000 10.000000 5.000000
DJI_0343.JPG 36.691328 118.473181 198.100000 45.100000 -126.600000 0.000000 10.000000 5.000000
DJI_0344.JPG 36.691264 118.473239 197.300000 45.100000 -124.000000 0.000000 10.000000 5.000000
DJI_0345.JPG 36.691172 118.473308 196.300000 45.100000 -122.100000 0.000000 10.000000 5.000000
DJI_0346.JPG 36.691117 118.473347 195.400000 45.100000 -118.000000 0.000000 10.000000 5.000000
DJI_0347.JPG 36.691067 118.473378 194.600000 45.100000 -115.600000 0.000000 10.000000 5.000000
DJI_0348.JPG 36.691025 118.473403 194.000000 45.100000 -113.300000 0.000000 10.000000 5.000000
DJI_0349.JPG 36.690969 118.473431 193.200000 45.100000 -112.800000 0.000000 10.000000 5.000000
DJI_0350.JPG 36.690922 118.473456 192.700000 45.100000 -110.600000 0.000000 10.000000 5.000000
DJI_0351.JPG 36.690872 118.473475 192.200000 45.100000 -108.600000 0.000000 10.000000 5.000000
DJI_0352.JPG 36.690794 118.473508 191.800000 45.100000 -108.000000 0.000000 10.000000 5.000000
DJI_0353.JPG 36.690719 118.473533 191.400000 45.100000 -105.100000 0.000000 10.000000 5.000000
DJI_0354.JPG 36.690642 118.473553 190.900000 45.100000 -100.500000 0.000000 10.000000 5.000000
DJI_0355.JPG 36.690572 118.473567 190.300000 45.100000 -99.000000 0.000000 10.000000 5.000000
DJI_0356.JPG 36.690500 118.473578 189.800000 45.100000 -96.300000 0.000000 10.000000 5.000000
DJI_0357.JPG 36.690422 118.473583 189.400000 45.100000 -92.000000 0.000000 10.000000 5.000000
DJI_0358.JPG 36.690356 118.473583 189.000000 45.100000 -89.600000 0.000000 10.000000 5.000000
DJI_0359.JPG 36.690283 118.473583 188.600000 45.100000 -89.300000 0.000000 10.000000 5.000000
DJI_0360.JPG 36.690153 118.473569 187.500000 45.100000 -83.100000 0.000000 10.000000 5.000000
DJI_0361.JPG 36.690089 118.473558 186.900000 45.100000 -82.100000 0.000000 10.000000 5.000000
DJI_0362.JPG 36.690028 118.473547 186.400000 45.100000 -80.600000 0.000000 10.000000 5.000000
DJI_0363.JPG 36.689958 118.473531 185.800000 45.100000 -77.600000 0.000000 10.000000 5.000000
DJI_0364.JPG 36.689897 118.473514 185.000000 45.100000 -76.000000 0.000000 10.000000 5.000000
DJI_0365.JPG 36.689850 118.473497 184.500000 45.100000 -74.200000 0.000000 10.000000 5.000000
DJI_0366.JPG 36.689803 118.473478 183.900000 45.100000 -71.500000 0.000000 10.000000 5.000000
DJI_0367.JPG 36.689753 118.473458 183.300000 45.100000 -69.400000 0.000000 10.000000 5.000000
DJI_0368.JPG 36.689697 118.473431 182.800000 45.100000 -68.400000 0.000000 10.000000 5.000000
DJI_0369.JPG 36.689642 118.473403 182.400000 45.100000 -66.300000 0.000000 10.000000 5.000000
DJI_0370.JPG 36.689594 118.473375 182.000000 45.100000 -64.100000 0.000000 10.000000 5.000000
DJI_0371.JPG 36.689550 118.473344 181.400000 45.100000 -61.500000 0.000000 10.000000 5.000000
DJI_0372.JPG 36.689511 118.473317 180.800000 45.100000 -60.700000 0.000000 10.000000 5.000000
DJI_0373.JPG 36.689456 118.473278 180.100000 45.100000 -58.200000 0.000000 10.000000 5.000000
DJI_0374.JPG 36.689403 118.473233 179.800000 45.100000 -57.800000 0.000000 10.000000 5.000000
DJI_0375.JPG 36.689331 118.473175 179.200000 45.100000 -56.000000 0.000000 10.000000 5.000000
DJI_0376.JPG 36.689272 118.473122 178.500000 45.100000 -53.000000 0.000000 10.000000 5.000000
DJI_0377.JPG 36.689219 118.473072 177.500000 45.100000 -51.400000 0.000000 10.000000 5.000000
DJI_0378.JPG 36.689186 118.473033 176.900000 45.100000 -46.900000 0.000000 10.000000 5.000000
DJI_0379.JPG 36.689150 118.472992 176.300000 45.100000 -45.300000 0.000000 10.000000 5.000000
DJI_0380.JPG 36.689117 118.472953 175.700000 45.100000 -43.200000 0.000000 10.000000 5.000000
DJI_0381.JPG 36.689078 118.472900 175.000000 45.100000 -41.100000 0.000000 10.000000 5.000000
DJI_0382.JPG 36.689031 118.472833 174.400000 45.100000 -38.600000 0.000000 10.000000 5.000000
DJI_0383.JPG 36.688981 118.472758 174.000000 45.100000 -37.000000 0.000000 10.000000 5.000000
DJI_0384.JPG 36.688931 118.472675 173.200000 45.100000 -34.500000 0.000000 10.000000 5.000000
DJI_0385.JPG 36.688892 118.472603 172.600000 45.100000 -31.400000 0.000000 10.000000 5.000000
DJI_0386.JPG 36.688861 118.472539 171.800000 45.100000 -27.700000 0.000000 10.000000 5.000000
DJI_0387.JPG 36.688825 118.472456 170.900000 45.100000 -26.900000 0.000000 10.000000 5.000000
DJI_0388.JPG 36.688800 118.472383 170.000000 45.100000 -22.800000 0.000000 10.000000 5.000000
DJI_0389.JPG 36.688775 118.472311 169.200000 45.100000 -21.000000 0.000000 10.000000 5.000000
DJI_0390.JPG 36.688753 118.472242 168.600000 45.100000 -19.700000 0.000000 10.000000 5.000000
DJI_0391.JPG 36.688736 118.472181 167.900000 45.100000 -17.300000 0.000000 10.000000 5.000000
DJI_0392.JPG 36.688719 118.472108 167.000000 45.100000 -15.900000 0.000000 10.000000 5.000000
DJI_0393.JPG 36.688706 118.472044 166.400000 45.100000 -14.300000 0.000000 10.000000 5.000000
DJI_0394.JPG 36.688692 118.471981 165.900000 45.100000 -12.700000 0.000000 10.000000 5.000000
DJI_0395.JPG 36.688681 118.471911 165.300000 45.100000 -10.900000 0.000000 10.000000 5.000000
DJI_0396.JPG 36.688672 118.471839 164.500000 45.100000 -8.600000 0.000000 10.000000 5.000000
DJI_0397.JPG 36.688664 118.471764 163.700000 45.100000 -6.300000 0.000000 10.000000 5.000000
DJI_0398.JPG 36.688661 118.471692 162.900000 45.100000 -3.200000 0.000000 10.000000 5.000000
DJI_0399.JPG 36.688658 118.471631 162.100000 45.100000 -1.200000 0.000000 10.000000 5.000000
DJI_0400.JPG 36.688658 118.471586 161.500000 45.100000 -0.400000 0.000000 10.000000 5.000000
DJI_0401.JPG 36.688658 118.471528 160.800000 45.100000 1.600000 0.000000 10.000000 5.000000
DJI_0402.JPG 36.688661 118.471456 160.000000 45.100000 1.700000 0.000000 10.000000 5.000000
DJI_0403.JPG 36.688664 118.471372 159.200000 45.100000 3.400000 0.000000 10.000000 5.000000
DJI_0404.JPG 36.688678 118.471264 158.300000 45.100000 9.200000 0.000000 10.000000 5.000000
DJI_0405.JPG 36.688694 118.471131 157.400000 45.100000 9.800000 0.000000 10.000000 5.000000
DJI_0406.JPG 36.688714 118.471028 156.600000 45.100000 12.300000 0.000000 10.000000 5.000000
DJI_0407.JPG 36.688733 118.470933 155.800000 45.100000 17.600000 0.000000 10.000000 5.000000
DJI_0408.JPG 36.688758 118.470847 155.000000 45.100000 21.300000 0.000000 10.000000 5.000000
DJI_0409.JPG 36.688778 118.470786 154.400000 45.100000 23.100000 0.000000 10.000000 5.000000
DJI_0410.JPG 36.688803 118.470717 153.600000 45.100000 25.800000 0.000000 10.000000 5.000000
DJI_0411.JPG 36.688825 118.470656 152.900000 45.100000 27.600000 0.000000 10.000000 5.000000
DJI_0412.JPG 36.688858 118.470583 152.300000 45.100000 30.300000 0.000000 10.000000 5.000000
DJI_0413.JPG 36.688869 118.470556 152.200000 45.100000 38.600000 0.000000 10.000000 5.000000
DJI_0414.JPG 36.688869 118.470556 152.200000 45.100000 46.700000 0.000000 10.000000 5.000000
DJI_0415.JPG 36.688869 118.470556 152.200000 45.100000 55.300000 0.000000 10.000000 5.000000
DJI_0416.JPG 36.688867 118.470556 152.200000 45.100000 62.300000 0.000000 10.000000 5.000000
DJI_0417.JPG 36.688867 118.470556 152.200000 45.100000 67.800000 0.000000 10.000000 5.000000
DJI_0418.JPG 36.688867 118.470558 152.200000 45.100000 71.700000 0.000000 10.000000 5.000000
DJI_0419.JPG 36.688867 118.470558 152.600000 45.100000 78.300000 0.000000 10.000000 5.000000
DJI_0420.JPG 36.688867 118.470558 152.700000 45.100000 82.900000 0.000000 10.000000 5.000000
DJI_0421.JPG 36.688867 118.470556 152.800000 45.100000 85.300000 0.000000 10.000000 5.000000
DJI_0422.JPG 36.688867 118.470556 152.800000 45.100000 88.300000 0.000000 10.000000 5.000000
DJI_0423.JPG 36.688867 118.470706 169.500000 45.100000 87.700000 0.000000 10.000000 5.000000
DJI_0424.JPG 36.688867 118.470725 174.300000 45.100000 87.600000 0.000000 10.000000 5.000000
DJI_0425.JPG 36.688869 118.470789 181.700000 45.100000 87.600000 0.000000 10.000000 5.000000
DJI_0426.JPG 36.688869 118.470889 192.200000 45.100000 87.600000 0.000000 10.000000 5.000000
DJI_0427.JPG 36.688872 118.471006 204.500000 45.100000 87.500000 0.000000 10.000000 5.000000
DJI_0428.JPG 36.688875 118.471072 208.000000 45.100000 87.500000 0.000000 10.000000 5.000000
DJI_0429.JPG 36.688878 118.471158 207.800000 45.100000 88.700000 0.000000 10.000000 5.000000
DJI_0430.JPG 36.688881 118.471283 207.800000 45.100000 88.600000 0.000000 10.000000 5.000000
DJI_0431.JPG 36.688883 118.471433 207.800000 45.100000 88.400000 0.000000 10.000000 5.000000
DJI_0432.JPG 36.688889 118.471619 207.800000 45.100000 87.900000 0.000000 10.000000 5.000000
DJI_0433.JPG 36.688894 118.471828 206.300000 45.100000 87.200000 0.000000 10.000000 5.000000
DJI_0434.JPG 36.688903 118.471983 205.200000 45.100000 85.800000 0.000000 10.000000 5.000000
DJI_0435.JPG 36.688914 118.472153 203.700000 45.100000 84.000000 0.000000 10.000000 5.000000
DJI_0436.JPG 36.688928 118.472328 202.700000 45.100000 83.900000 0.000000 10.000000 5.000000
DJI_0437.JPG 36.688939 118.472467 201.900000 45.100000 84.700000 0.000000 10.000000 5.000000
DJI_0438.JPG 36.688944 118.472589 201.400000 45.100000 86.500000 0.000000 10.000000 5.000000
DJI_0439.JPG 36.688950 118.472725 200.800000 45.100000 86.500000 0.000000 10.000000 5.000000
DJI_0440.JPG 36.688958 118.472872 199.100000 45.100000 86.500000 0.000000 10.000000 5.000000
DJI_0441.JPG 36.688964 118.473036 196.200000 45.100000 86.900000 0.000000 10.000000 5.000000
DJI_0442.JPG 36.688969 118.473172 193.100000 45.100000 87.600000 0.000000 10.000000 5.000000
DJI_0443.JPG 36.688972 118.473292 191.700000 45.100000 87.600000 0.000000 10.000000 5.000000
DJI_0444.JPG 36.688978 118.473450 189.300000 45.100000 87.100000 0.000000 10.000000 5.000000
DJI_0445.JPG 36.688983 118.473594 186.700000 45.100000 86.600000 0.000000 10.000000 5.000000
DJI_0446.JPG 36.688989 118.473792 184.500000 45.100000 87.200000 0.000000 10.000000 5.000000
DJI_0447.JPG 36.688992 118.473881 183.600000 45.100000 87.200000 0.000000 10.000000 5.000000
DJI_0448.JPG 36.688994 118.473997 181.800000 45.100000 87.200000 0.000000 10.000000 5.000000
DJI_0449.JPG 36.688997 118.474117 180.100000 45.100000 87.200000 0.000000 10.000000 5.000000
DJI_0450.JPG 36.689000 118.474303 175.000000 45.100000 87.200000 0.000000 10.000000 5.000000
DJI_0451.JPG 36.689006 118.474472 174.400000 45.100000 87.300000 0.000000 10.000000 5.000000
DJI_0452.JPG 36.689006 118.474622 174.400000 45.100000 87.300000 0.000000 10.000000 5.000000
DJI_0453.JPG 36.689000 118.474728 174.400000 45.100000 87.300000 0.000000 10.000000 5.000000
DJI_0454.JPG 36.688983 118.474814 174.500000 45.100000 87.300000 0.000000 10.000000 5.000000
DJI_0455.JPG 36.688928 118.474936 174.700000 45.100000 87.200000 0.000000 10.000000 5.000000
DJI_0456.JPG 36.688897 118.475022 174.600000 45.100000 87.100000 0.000000 10.000000 5.000000
DJI_0457.JPG 36.688886 118.475169 174.600000 45.100000 85.600000 0.000000 10.000000 5.000000
DJI_0458.JPG 36.688889 118.475369 174.600000 45.100000 85.600000 0.000000 10.000000 5.000000
DJI_0459.JPG 36.688889 118.475533 174.500000 45.100000 85.600000 0.000000 10.000000 5.000000
DJI_0460.JPG 36.688892 118.475622 174.500000 45.100000 85.600000 0.000000 10.000000 5.000000
DJI_0461.JPG 36.688892 118.475694 174.500000 45.100000 85.600000 0.000000 10.000000 5.000000
DJI_0462.JPG 36.688894 118.475783 174.600000 45.100000 85.600000 0.000000 10.000000 5.000000
DJI_0463.JPG 36.688900 118.475869 174.500000 45.100000 85.500000 0.000000 10.000000 5.000000
DJI_0464.JPG 36.688903 118.475953 174.500000 45.100000 85.500000 0.000000 10.000000 5.000000
DJI_0465.JPG 36.688906 118.476031 174.400000 45.100000 86.900000 0.000000 10.000000 5.000000
DJI_0466.JPG 36.688908 118.476103 174.500000 45.100000 86.900000 0.000000 10.000000 5.000000
DJI_0467.JPG 36.688911 118.476264 174.800000 24.700000 86.900000 0.000000 10.000000 5.000000
DJI_0468.JPG 36.688917 118.476378 174.700000 24.700000 86.900000 0.000000 10.000000 5.000000
DJI_0469.JPG 36.688922 118.476547 174.700000 24.700000 86.900000 0.000000 10.000000 5.000000
DJI_0470.JPG 36.688928 118.476733 174.600000 24.700000 87.100000 0.000000 10.000000 5.000000
DJI_0471.JPG 36.688925 118.476886 174.600000 24.700000 93.200000 0.000000 10.000000 5.000000
DJI_0472.JPG 36.688917 118.477036 174.600000 24.700000 93.000000 0.000000 10.000000 5.000000
DJI_0473.JPG 36.688911 118.477194 174.600000 24.700000 91.900000 0.000000 10.000000 5.000000
DJI_0474.JPG 36.688906 118.477361 174.600000 24.700000 91.500000 0.000000 10.000000 5.000000
DJI_0475.JPG 36.688903 118.477517 174.700000 24.700000 91.300000 0.000000 10.000000 5.000000
DJI_0476.JPG 36.688900 118.477711 174.700000 24.700000 91.300000 0.000000 10.000000 5.000000
DJI_0477.JPG 36.688894 118.477867 174.600000 24.700000 91.300000 0.000000 10.000000 5.000000
DJI_0478.JPG 36.688867 118.477992 174.700000 24.700000 91.300000 0.000000 10.000000 5.000000
DJI_0479.JPG 36.688778 118.478069 175.100000 24.700000 91.000000 0.000000 10.000000 5.000000
DJI_0480.JPG 36.688683 118.478147 175.100000 24.700000 90.000000 0.000000 10.000000 5.000000
DJI_0481.JPG 36.688622 118.478231 174.800000 24.700000 87.700000 0.000000 10.000000 5.000000
DJI_0482.JPG 36.688603 118.478308 174.700000 24.700000 83.500000 0.000000 10.000000 5.000000
DJI_0483.JPG 36.688600 118.478333 174.900000 44.800000 83.600000 0.000000 10.000000 5.000000
DJI_0484.JPG 36.688600 118.478336 175.100000 44.800000 114.100000 0.000000 10.000000 5.000000
DJI_0485.JPG 36.688600 118.478333 175.200000 50.100000 130.700000 0.000000 10.000000 5.000000
DJI_0486.JPG 36.688525 118.478439 175.100000 50.100000 130.700000 0.000000 10.000000 5.000000
DJI_0487.JPG 36.688408 118.478600 175.000000 50.100000 130.700000 0.000000 10.000000 5.000000
DJI_0488.JPG 36.688292 118.478764 175.000000 50.100000 130.700000 0.000000 10.000000 5.000000
DJI_0489.JPG 36.688167 118.478947 174.900000 50.100000 129.100000 0.000000 10.000000 5.000000
DJI_0490.JPG 36.688033 118.479161 174.900000 50.100000 127.100000 0.000000 10.000000 5.000000
DJI_0491.JPG 36.687967 118.479261 175.200000 50.100000 176.600000 0.000000 10.000000 5.000000
DJI_0492.JPG 36.687967 118.479261 175.200000 39.800000 176.600000 0.000000 10.000000 5.000000
DJI_0493.JPG 36.688253 118.479239 175.200000 29.800000 176.600000 0.000000 10.000000 5.000000
DJI_0494.JPG 36.688431 118.479228 175.200000 29.800000 176.600000 0.000000 10.000000 5.000000
DJI_0495.JPG 36.688711 118.479208 175.200000 18.600000 176.600000 0.000000 10.000000 5.000000
DJI_0496.JPG 36.688719 118.479206 175.200000 20.300000 176.600000 0.000000 10.000000 5.000000
DJI_0497.JPG 36.688875 118.479197 175.400000 0.000000 176.600000 0.000000 10.000000 5.000000
DJI_0498.JPG 36.688983 118.479186 175.400000 0.100000 177.500000 0.000000 10.000000 5.000000
DJI_0499.JPG 36.689000 118.479183 175.300000 15.200000 177.500000 0.000000 10.000000 5.000000
DJI_0500.JPG 36.689000 118.479183 175.300000 0.000000 177.500000 0.000000 10.000000 5.000000
DJI_0501.JPG 36.689000 118.479092 175.300000 0.000000 177.500000 0.000000 10.000000 5.000000
DJI_0502.JPG 36.688997 118.478992 175.300000 0.100000 177.700000 0.000000 10.000000 5.000000
DJI_0503.JPG 36.688997 118.478875 175.400000 0.100000 178.500000 0.000000 10.000000 5.000000
DJI_0504.JPG 36.688994 118.478711 175.600000 0.100000 178.400000 0.000000 10.000000 5.000000
DJI_0505.JPG 36.688994 118.478558 175.900000 0.000000 178.800000 0.000000 10.000000 5.000000
DJI_0506.JPG 36.688992 118.478367 176.100000 0.000000 178.800000 0.000000 10.000000 5.000000
DJI_0507.JPG 36.688994 118.478178 176.300000 0.000000 -179.500000 0.000000 10.000000 5.000000
DJI_0508.JPG 36.689000 118.477972 176.300000 0.100000 -178.800000 0.000000 10.000000 5.000000
DJI_0509.JPG 36.689008 118.477778 176.300000 0.100000 -178.600000 0.000000 10.000000 5.000000
DJI_0510.JPG 36.689019 118.477575 176.400000 0.000000 -177.100000 0.000000 10.000000 5.000000
DJI_0511.JPG 36.689036 118.477356 176.500000 0.000000 -176.300000 0.000000 10.000000 5.000000
DJI_0512.JPG 36.689056 118.477150 176.300000 0.100000 -176.200000 0.000000 10.000000 5.000000
DJI_0513.JPG 36.689069 118.476981 176.100000 0.100000 -176.000000 0.000000 10.000000 5.000000
DJI_0514.JPG 36.689100 118.476656 176.000000 0.100000 -175.800000 0.000000 10.000000 5.000000
DJI_0515.JPG 36.689119 118.476436 176.100000 0.000000 -175.400000 0.000000 10.000000 5.000000
DJI_0516.JPG 36.689136 118.476247 176.100000 0.100000 -175.400000 0.000000 10.000000 5.000000
DJI_0517.JPG 36.689150 118.476097 176.100000 0.000000 -175.400000 0.000000 10.000000 5.000000
DJI_0518.JPG 36.689164 118.475925 176.000000 0.100000 -175.400000 0.000000 10.000000 5.000000
DJI_0519.JPG 36.689178 118.475736 176.100000 0.100000 -175.500000 0.000000 10.000000 5.000000
DJI_0520.JPG 36.689192 118.475547 176.200000 0.100000 -176.200000 0.000000 10.000000 5.000000
DJI_0521.JPG 36.689206 118.475289 176.300000 0.000000 -177.100000 0.000000 10.000000 5.000000
DJI_0522.JPG 36.689217 118.474881 176.300000 0.000000 -178.600000 0.000000 10.000000 5.000000
DJI_0523.JPG 36.689219 118.474814 175.800000 0.000000 -178.600000 0.000000 10.000000 5.000000
DJI_0524.JPG 36.689225 118.474619 175.900000 0.100000 -178.800000 0.000000 10.000000 5.000000
DJI_0525.JPG 36.689231 118.474358 176.200000 0.100000 -178.800000 0.000000 10.000000 5.000000
DJI_0526.JPG 36.689236 118.474161 176.400000 0.100000 -179.200000 0.000000 10.000000 5.000000
DJI_0527.JPG 36.689225 118.473942 176.400000 0.000000 173.900000 0.000000 10.000000 5.000000
DJI_0528.JPG 36.689208 118.473717 176.500000 0.000000 173.900000 0.000000 10.000000 5.000000
DJI_0529.JPG 36.689194 118.473531 176.500000 0.100000 173.900000 0.000000 10.000000 5.000000
DJI_0530.JPG 36.689175 118.473269 176.400000 0.000000 173.900000 0.000000 10.000000 5.000000
DJI_0531.JPG 36.689161 118.473064 176.300000 0.100000 173.900000 0.000000 10.000000 5.000000
DJI_0532.JPG 36.689150 118.472886 175.900000 45.000000 173.900000 0.000000 10.000000 5.000000
DJI_0533.JPG 36.689097 118.472892 176.000000 45.000000 173.900000 0.000000 10.000000 5.000000
DJI_0534.JPG 36.689028 118.472900 177.300000 45.000000 173.900000 0.000000 10.000000 5.000000
DJI_0535.JPG 36.688961 118.472908 179.400000 45.000000 174.100000 0.000000 10.000000 5.000000
DJI_0536.JPG 36.688894 118.472917 182.100000 45.000000 174.100000 0.000000 10.000000 5.000000
DJI_0537.JPG 36.688825 118.472928 186.200000 45.000000 174.100000 0.000000 10.000000 5.000000
DJI_0538.JPG 36.688758 118.472936 191.100000 45.000000 174.100000 0.000000 10.000000 5.000000
DJI_0539.JPG 36.688703 118.472939 196.100000 45.000000 174.300000 0.000000 10.000000 5.000000
DJI_0540.JPG 36.688633 118.472942 196.100000 45.000000 174.300000 0.000000 10.000000 5.000000
DJI_0541.JPG 36.688517 118.472953 196.000000 45.000000 174.300000 0.000000 10.000000 5.000000
DJI_0542.JPG 36.688386 118.472967 195.900000 45.000000 174.300000 0.000000 10.000000 5.000000
DJI_0543.JPG 36.688289 118.472978 195.900000 45.000000 174.300000 0.000000 10.000000 5.000000
DJI_0544.JPG 36.688178 118.472992 195.900000 45.000000 174.300000 0.000000 10.000000 5.000000
DJI_0545.JPG 36.688106 118.473003 195.900000 45.000000 174.300000 0.000000 10.000000 5.000000
DJI_0546.JPG 36.688058 118.473011 196.200000 45.000000 -117.700000 0.000000 10.000000 5.000000
DJI_0547.JPG 36.688056 118.473006 196.200000 45.000000 -109.300000 0.000000 10.000000 5.000000
DJI_0548.JPG 36.688028 118.472900 196.100000 45.000000 -109.300000 0.000000 10.000000 5.000000
DJI_0549.JPG 36.687992 118.472761 196.100000 45.000000 -109.500000 0.000000 10.000000 5.000000
DJI_0550.JPG 36.687958 118.472625 196.000000 45.000000 -117.800000 0.000000 10.000000 5.000000
DJI_0551.JPG 36.687969 118.472528 196.100000 45.000000 -126.800000 0.000000 10.000000 5.000000
DJI_0552.JPG 36.688064 118.472383 196.600000 45.000000 -130.800000 0.000000 10.000000 5.000000
DJI_0553.JPG 36.688192 118.472219 196.900000 45.000000 -133.600000 0.000000 10.000000 5.000000
DJI_0554.JPG 36.688339 118.472042 196.900000 45.000000 -133.600000 0.000000 10.000000 5.000000
DJI_0555.JPG 36.688567 118.471778 196.600000 35.200000 -133.600000 0.000000 10.000000 5.000000
DJI_0556.JPG 36.688597 118.471744 196.600000 35.200000 -134.200000 0.000000 10.000000 5.000000
DJI_0557.JPG 36.688683 118.471622 196.800000 35.200000 -138.000000 0.000000 10.000000 5.000000
DJI_0558.JPG 36.688764 118.471464 197.100000 35.200000 -142.200000 0.000000 10.000000 5.000000
DJI_0559.JPG 36.688903 118.471050 197.100000 35.200000 -145.800000 0.000000 10.000000 5.000000
DJI_0560.JPG 36.688958 118.470822 197.100000 35.200000 -149.400000 0.000000 10.000000 5.000000
DJI_0561.JPG 36.688992 118.470625 197.100000 35.200000 -154.400000 0.000000 10.000000 5.000000
DJI_0562.JPG 36.689008 118.470467 197.000000 35.200000 -158.800000 0.000000 10.000000 5.000000
DJI_0563.JPG 36.689014 118.470308 196.900000 35.200000 -166.400000 0.000000 10.000000 5.000000
DJI_0564.JPG 36.689006 118.470167 197.000000 35.200000 -171.300000 0.000000 10.000000 5.000000
DJI_0565.JPG 36.688992 118.470044 197.100000 35.200000 -175.100000 0.000000 10.000000 5.000000
DJI_0566.JPG 36.688983 118.469911 197.100000 35.200000 -179.300000 0.000000 10.000000 5.000000
DJI_0567.JPG 36.688975 118.469750 197.300000 35.200000 -179.300000 0.000000 10.000000 5.000000
DJI_0568.JPG 36.688972 118.469553 197.500000 35.200000 -179.300000 0.000000 10.000000 5.000000
DJI_0569.JPG 36.688975 118.469214 197.600000 35.200000 -179.300000 0.000000 10.000000 5.000000
DJI_0570.JPG 36.688983 118.468942 197.900000 35.200000 -179.200000 0.000000 10.000000 5.000000
DJI_0571.JPG 36.688994 118.468614 198.100000 35.200000 -178.800000 0.000000 10.000000 5.000000
DJI_0572.JPG 36.689006 118.468306 198.300000 35.200000 -178.300000 0.000000 10.000000 5.000000
DJI_0573.JPG 36.689022 118.468092 198.300000 35.200000 -178.300000 0.000000 10.000000 5.000000
DJI_0574.JPG 36.689061 118.467878 198.300000 35.200000 -178.300000 0.000000 10.000000 5.000000
DJI_0575.JPG 36.689125 118.467658 198.200000 35.200000 -178.700000 0.000000 10.000000 5.000000
DJI_0576.JPG 36.689194 118.467469 198.200000 35.200000 -178.800000 0.000000 10.000000 5.000000
DJI_0577.JPG 36.689278 118.467272 198.100000 35.200000 177.100000 0.000000 10.000000 5.000000
DJI_0578.JPG 36.689356 118.466986 198.100000 35.200000 169.500000 0.000000 10.000000 5.000000
DJI_0579.JPG 36.689367 118.466722 198.200000 35.200000 162.800000 0.000000 10.000000 5.000000
DJI_0580.JPG 36.689286 118.466219 198.300000 35.200000 152.400000 0.000000 10.000000 5.000000
DJI_0581.JPG 36.689150 118.465817 198.100000 35.200000 141.200000 0.000000 10.000000 5.000000
DJI_0582.JPG 36.688544 118.465492 197.200000 46.000000 115.200000 0.000000 10.000000 5.000000
DJI_0583.JPG 36.688525 118.465544 197.100000 46.000000 115.200000 0.000000 10.000000 5.000000
DJI_0584.JPG 36.688394 118.465861 197.100000 46.000000 115.800000 0.000000 10.000000 5.000000
DJI_0585.JPG 36.688278 118.466106 197.200000 46.000000 117.200000 0.000000 10.000000 5.000000
DJI_0586.JPG 36.688150 118.466283 197.200000 46.000000 118.900000 0.000000 10.000000 5.000000
DJI_0587.JPG 36.688028 118.466386 197.200000 46.000000 119.900000 0.000000 10.000000 5.000000
DJI_0588.JPG 36.687956 118.466425 197.200000 46.000000 120.600000 0.000000 10.000000 5.000000
DJI_0589.JPG 36.687858 118.466486 197.300000 46.000000 120.600000 0.000000 10.000000 5.000000
DJI_0590.JPG 36.687761 118.466603 197.400000 46.000000 119.100000 0.000000 10.000000 5.000000
DJI_0591.JPG 36.687664 118.466753 197.400000 46.000000 117.200000 0.000000 10.000000 5.000000
DJI_0592.JPG 36.687556 118.466939 197.300000 46.000000 112.400000 0.000000 10.000000 5.000000
DJI_0593.JPG 36.687403 118.467136 197.300000 46.000000 112.000000 0.000000 10.000000 5.000000
DJI_0594.JPG 36.687242 118.467233 197.600000 46.000000 108.700000 0.000000 10.000000 5.000000
DJI_0595.JPG 36.687111 118.467267 197.800000 46.000000 108.700000 0.000000 10.000000 5.000000
DJI_0596.JPG 36.686911 118.467267 197.500000 46.000000 106.400000 0.000000 10.000000 5.000000
DJI_0597.JPG 36.686697 118.467244 197.400000 46.000000 102.300000 0.000000 10.000000 5.000000
DJI_0598.JPG 36.686500 118.467225 197.600000 46.000000 98.900000 0.000000 10.000000 5.000000
DJI_0599.JPG 36.686297 118.467211 197.700000 46.000000 93.700000 0.000000 10.000000 5.000000
DJI_0600.JPG 36.686025 118.467200 197.800000 48.100000 93.700000 0.000000 10.000000 5.000000
DJI_0601.JPG 36.685683 118.467178 197.700000 44.100000 93.700000 0.000000 10.000000 5.000000
DJI_0602.JPG 36.685472 118.467158 197.400000 39.700000 93.700000 0.000000 10.000000 5.000000
DJI_0603.JPG 36.685447 118.467156 197.400000 39.700000 89.600000 0.000000 10.000000 5.000000
DJI_0604.JPG 36.685342 118.467156 197.700000 39.700000 87.800000 0.000000 10.000000 5.000000
DJI_0605.JPG 36.685117 118.467175 198.300000 39.700000 85.700000 0.000000 10.000000 5.000000
DJI_0606.JPG 36.684989 118.467189 198.400000 39.700000 85.700000 0.000000 10.000000 5.000000
DJI_0607.JPG 36.684792 118.467211 198.300000 39.700000 84.100000 0.000000 10.000000 5.000000
DJI_0608.JPG 36.684644 118.467233 198.500000 39.700000 84.100000 0.000000 10.000000 5.000000
DJI_0609.JPG 36.684472 118.467253 198.500000 39.700000 84.600000 0.000000 10.000000 5.000000
DJI_0610.JPG 36.684303 118.467275 198.500000 39.700000 84.600000 0.000000 10.000000 5.000000
DJI_0611.JPG 36.683853 118.467375 198.000000 25.300000 84.600000 0.000000 10.000000 5.000000
DJI_0612.JPG 36.683811 118.467381 198.100000 25.300000 84.600000 0.000000 10.000000 5.000000
DJI_0613.JPG 36.683728 118.467392 198.300000 25.300000 84.600000 0.000000 10.000000 5.000000
DJI_0614.JPG 36.683569 118.467408 198.600000 25.300000 84.600000 0.000000 10.000000 5.000000
DJI_0615.JPG 36.683403 118.467428 198.600000 25.300000 83.900000 0.000000 10.000000 5.000000
DJI_0616.JPG 36.683228 118.467450 198.600000 25.300000 83.800000 0.000000 10.000000 5.000000
DJI_0617.JPG 36.683006 118.467481 198.500000 25.300000 83.700000 0.000000 10.000000 5.000000
DJI_0618.JPG 36.682800 118.467511 198.300000 25.300000 83.000000 0.000000 10.000000 5.000000
DJI_0619.JPG 36.682583 118.467550 198.400000 25.300000 83.600000 0.000000 10.000000 5.000000
DJI_0620.JPG 36.682367 118.467653 198.100000 25.300000 85.300000 0.000000 10.000000 5.000000
DJI_0621.JPG 36.682317 118.467758 198.100000 25.300000 85.300000 0.000000 10.000000 5.000000
DJI_0622.JPG 36.682300 118.467917 197.900000 25.300000 82.300000 0.000000 10.000000 5.000000
DJI_0623.JPG 36.682303 118.468058 197.800000 25.300000 82.400000 0.000000 10.000000 5.000000
DJI_0624.JPG 36.682317 118.468219 197.700000 25.300000 82.900000 0.000000 10.000000 5.000000
DJI_0625.JPG 36.682328 118.468292 197.800000 0.000000 82.900000 0.000000 10.000000 5.000000
DJI_0626.JPG 36.682328 118.468297 197.800000 0.000000 86.800000 0.000000 10.000000 5.000000
DJI_0627.JPG 36.682333 118.468369 197.800000 0.100000 86.800000 0.000000 10.000000 5.000000
DJI_0628.JPG 36.682336 118.468444 197.800000 0.000000 86.300000 0.000000 10.000000 5.000000
DJI_0629.JPG 36.682342 118.468544 197.700000 0.100000 86.300000 0.000000 10.000000 5.000000
DJI_0630.JPG 36.682344 118.468650 197.700000 0.100000 86.300000 0.000000 10.000000 5.000000
DJI_0631.JPG 36.682350 118.468744 197.600000 0.100000 86.400000 0.000000 10.000000 5.000000
DJI_0632.JPG 36.682353 118.468825 197.600000 0.000000 86.600000 0.000000 10.000000 5.000000
DJI_0633.JPG 36.682356 118.468908 197.700000 0.100000 87.200000 0.000000 10.000000 5.000000
DJI_0634.JPG 36.682361 118.468994 197.700000 0.100000 87.400000 0.000000 10.000000 5.000000
DJI_0635.JPG 36.682361 118.469069 197.700000 0.000000 87.400000 0.000000 10.000000 5.000000
DJI_0636.JPG 36.682364 118.469136 197.600000 0.100000 87.600000 0.000000 10.000000 5.000000
DJI_0637.JPG 36.682367 118.469219 197.500000 0.100000 87.700000 0.000000 10.000000 5.000000
DJI_0638.JPG 36.682369 118.469297 197.400000 0.000000 88.300000 0.000000 10.000000 5.000000
DJI_0639.JPG 36.682369 118.469381 197.400000 0.000000 88.300000 0.000000 10.000000 5.000000
DJI_0640.JPG 36.682372 118.469444 197.400000 0.100000 88.400000 0.000000 10.000000 5.000000
DJI_0641.JPG 36.682372 118.469506 197.400000 0.100000 89.000000 0.000000 10.000000 5.000000
DJI_0642.JPG 36.682375 118.469536 194.600000 0.100000 -92.800000 0.000000 10.000000 5.000000
